  0.15747
  0.15625
  0.15625
  0.15625
  0.15503
  0.15259
  0.15503
  0.15747
  0.15625
  0.15503
  0.15503
  0.15625
  0.15869
  0.15381
  0.15503
  0.15625
  0.15625
  0.15869
  0.16113
  0.15747
  0.15869
  0.16235
  0.16357
  0.16235
  0.16357
  0.16235
  0.16602
  0.16602
  0.16602
  0.16235
  0.16479
  0.16724
  0.16724
  0.16602
  0.16724
  0.16479
  0.16357
  0.16357
  0.16479
  0.16235
  0.15869
  0.15747
  0.15747
  0.15503
  0.15137
  0.15381
  0.15137
  0.15015
  0.14771
  0.14404
  0.14526
  0.14160
  0.14038
  0.13794
  0.13794
  0.13672
  0.13428
  0.13306
  0.13428
  0.13184
  0.13428
  0.13428
  0.13062
  0.13306
  0.13306
  0.13428
  0.13672
  0.13184
  0.13550
  0.13672
  0.13916
  0.13794
  0.13916
  0.14038
  0.14282
  0.14526
  0.14648
  0.14893
  0.14893
  0.15381
  0.15259
  0.15503
  0.15625
  0.15747
  0.15991
  0.16357
  0.16479
  0.16724
  0.16846
  0.17090
  0.17456
  0.17456
  0.17456
  0.17578
  0.17822
  0.17944
  0.17822
  0.18066
  0.18066
  0.18188
  0.18311
  0.18066
  0.18066
  0.18188
  0.18066
  0.18311
  0.17944
  0.18066
  0.18188
  0.18311
  0.18188
  0.17944
  0.17944
  0.17822
  0.18188
  0.18188
  0.18066
  0.18066
  0.18066
  0.18433
  0.18433
  0.18555
  0.18311
  0.18555
  0.18677
  0.18555
  0.18677
  0.18799
  0.19043
  0.19409
  0.19043
  0.19409
  0.19531
  0.19287
  0.19775
  0.19409
  0.19653
  0.19653
  0.19775
  0.19897
  0.19775
  0.19287
  0.19409
  0.19531
  0.19165
  0.18799
  0.18433
  0.18555
  0.18188
  0.17822
  0.17700
  0.17456
  0.17212
  0.17090
  0.16602
  0.16235
  0.15503
  0.15381
  0.15503
  0.14771
  0.14526
  0.14038
  0.13794
  0.13550
  0.13428
  0.12817
  0.12451
  0.12329
  0.12085
  0.12085
  0.11841
  0.11353
  0.11353
  0.11353
  0.10986
  0.10864
  0.10986
  0.10986
  0.10864
  0.10864
  0.10742
  0.10742
  0.10742
  0.10864
  0.10620
  0.10742
  0.10986
  0.10986
  0.10620
  0.11108
  0.11475
  0.11353
  0.11597
  0.11841
  0.11719
  0.11963
  0.11841
  0.12451
  0.12573
  0.12451
  0.12695
  0.13184
  0.13062
  0.12939
  0.13306
  0.13306
  0.13550
  0.13550
  0.13428
  0.13428
  0.13916
  0.13672
  0.13916
  0.13794
  0.14282
  0.14282
  0.14404
  0.14160
  0.14282
  0.14526
  0.14648
  0.14648
  0.14526
  0.14526
  0.14771
  0.15015
  0.14893
  0.14893
  0.15015
  0.15015
  0.15381
  0.15259
  0.15259
  0.15259
  0.15625
  0.15991
  0.15869
  0.15869
  0.16113
  0.16479
  0.16602
  0.16846
  0.16602
  0.16968
  0.17212
  0.17090
  0.17334
  0.17212
  0.17212
  0.17578
  0.17578
  0.17456
  0.17456
  0.17334
  0.17334
  0.17212
  0.17334
  0.17090
  0.16724
  0.16968
  0.16968
  0.16357
  0.16113
  0.16113
  0.16113
  0.15625
  0.15747
  0.15381
  0.15259
  0.15381
  0.15015
  0.14893
  0.14893
  0.14771
  0.14771
  0.14771
  0.14648
  0.14771
  0.14771
  0.14526
  0.14526
  0.14526
  0.14893
  0.14771
  0.15015
  0.14893
  0.15015
  0.15137
  0.15381
  0.15259
  0.15259
  0.15381
  0.15625
  0.15991
  0.15869
  0.16113
  0.16357
  0.16479
  0.16602
  0.16846
  0.16602
  0.16846
  0.16968
  0.16968
  0.17212
  0.17090
  0.16968
  0.17334
  0.17456
  0.17090
  0.17212
  0.17212
  0.17090
  0.17090
  0.17090
  0.16846
  0.16968
  0.16846
  0.16602
  0.16357
  0.16235
  0.15991
  0.15991
  0.15991
  0.15869
  0.15381
  0.15381
  0.15747
  0.15259
  0.15015
  0.14771
  0.14771
  0.14771
  0.15015
  0.14893
  0.14771
  0.14526
  0.14648
  0.14526
  0.14771
  0.14526
  0.14526
  0.14771
  0.15015
  0.14771
  0.14526
  0.14893
  0.15259
  0.14893
  0.15381
  0.15259
  0.15503
  0.15625
  0.15747
  0.15747
  0.15747
  0.15869
  0.15869
  0.16113
  0.15991
  0.15747
  0.15869
  0.15991
  0.15869
  0.15625
  0.15503
  0.15747
  0.15503
  0.15259
  0.15503
  0.15137
  0.15259
  0.15137
  0.14893
  0.14648
  0.14648
  0.14526
  0.14404
  0.14160
  0.14038
  0.14038
  0.13916
  0.13794
  0.13550
  0.13428
  0.13672
  0.13672
  0.13428
  0.13306
  0.13184
  0.13062
  0.13306
  0.13062
  0.13306
  0.13062
  0.13428
  0.13184
  0.13306
  0.13672
  0.13184
  0.13428
  0.13794
  0.13672
  0.13672
  0.13672
  0.14038
  0.14282
  0.14282
  0.14282
  0.14160
  0.14648
  0.14526
  0.14648
  0.14771
  0.14526
  0.15015
  0.14893
  0.14893
  0.14648
  0.14893
  0.15137
  0.14893
  0.15015
  0.15137
  0.14771
  0.14893
  0.15015
  0.14893
  0.14771
  0.14526
  0.14771
  0.14526
  0.14404
  0.14648
  0.14526
  0.14648
  0.14160
  0.14404
  0.14404
  0.14404
  0.14160
  0.14526
  0.14282
  0.14404
  0.14526
  0.14771
  0.14404
  0.14771
  0.14893
  0.14648
  0.14893
  0.14771
  0.15015
  0.15137
  0.15015
  0.15259
  0.15259
  0.15381
  0.15625
  0.15503
  0.15747
  0.15747
  0.15991
  0.15869
  0.16113
  0.16235
  0.16113
  0.16235
  0.16235
  0.16357
  0.16602
  0.16479
  0.16479
  0.16724
  0.16357
  0.16479
  0.16357
  0.16479
  0.16479
  0.16235
  0.16113
  0.16235
  0.16113
  0.16113
  0.15869
  0.15869
  0.15625
  0.15625
  0.15625
  0.15747
  0.15259
  0.15259
  0.15381
  0.15259
  0.14893
  0.15015
  0.14771
  0.14771
  0.15015
  0.14648
  0.14771
  0.14526
  0.14771
  0.14771
  0.14648
  0.14648
  0.14771
  0.14893
  0.15015
  0.14771
  0.15015
  0.15137
  0.15381
  0.15503
  0.15503
  0.15503
  0.15503
  0.15869
  0.15991
  0.15747
  0.16235
  0.16235
  0.16357
  0.16235
  0.16235
  0.16479
  0.16113
  0.16602
  0.16479
  0.16357
  0.16235
  0.16113
  0.16357
  0.16357
  0.16235
  0.15991
  0.15869
  0.15991
  0.15991
  0.15503
  0.15503
  0.15747
  0.15503
  0.15259
  0.15381
  0.14893
  0.15137
  0.15137
  0.14771
  0.14893
  0.14771
  0.14771
  0.14648
  0.14648
  0.14648
  0.14526
  0.14771
  0.14771
  0.14893
  0.14893
  0.14648
  0.14771
  0.15259
  0.15015
  0.15015
  0.15137
  0.15259
  0.15381
  0.15259
  0.15381
  0.15747
  0.15869
  0.15869
  0.15869
  0.15991
  0.16113
  0.15991
  0.16113
  0.16357
  0.16235
  0.16235
  0.16235
  0.16479
  0.16113
  0.16357
  0.16235
  0.16113
  0.16235
  0.16113
  0.15747
  0.15869
  0.16113
  0.15747
  0.15381
  0.15503
  0.15381
  0.15137
  0.15259
  0.15015
  0.14771
  0.14771
  0.14893
  0.14771
  0.14526
  0.14648
  0.14526
  0.14404
  0.14404
  0.14038
  0.14282
  0.14160
  0.13794
  0.14160
  0.14038
  0.14038
  0.14160
  0.14282
  0.14160
  0.14404
  0.14160
  0.14038
  0.14526
  0.14526
  0.14282
  0.14404
  0.14404
  0.14771
  0.14648
  0.14893
  0.14893
  0.15015
  0.15137
  0.15137
  0.15137
  0.15015
  0.15259
  0.15137
  0.15259
  0.15015
  0.14893
  0.15137
  0.15259
  0.15259
  0.14893
  0.15015
  0.15137
  0.15259
  0.14893
  0.14893
  0.15137
  0.15015
  0.15259
  0.15137
  0.15137
  0.15015
  0.15015
  0.15381
  0.15381
  0.15625
  0.15381
  0.15503
  0.15747
  0.15869
  0.15869
  0.16113
  0.16113
  0.16235
  0.16357
  0.16602
  0.16357
  0.16846
  0.16968
  0.16602
  0.16602
  0.16846
  0.17090
  0.17090
  0.16846
  0.16846
  0.16846
  0.16846
  0.16724
  0.16846
  0.16479
  0.16235
  0.16479
  0.16357
  0.16113
  0.15625
  0.15747
  0.15381
  0.15625
  0.15259
  0.15015
  0.14771
  0.14771
  0.14404
  0.14282
  0.14038
  0.13794
  0.13794
  0.13550
  0.13428
  0.13550
  0.13184
  0.13062
  0.13184
  0.13062
  0.12817
  0.13062
  0.12939
  0.13062
  0.12817
  0.12817
  0.12939
  0.13306
  0.13306
  0.13184
  0.13306
  0.13550
  0.13672
  0.13794
  0.14038
  0.13916
  0.14282
  0.14648
  0.14648
  0.14771
  0.15015
  0.15259
  0.15381
  0.15625
  0.15503
  0.15869
  0.16113
  0.16235
  0.15991
  0.16357
  0.16602
  0.16724
  0.16968
  0.16968
  0.16846
  0.16968
  0.17090
  0.17212
  0.17212
  0.16968
  0.17212
  0.16968
  0.16968
  0.17212
  0.16968
  0.16724
  0.16724
  0.16479
  0.16113
  0.15869
  0.15991
  0.15869
  0.15869
  0.15869
  0.15625
  0.15259
  0.15381
  0.15259
  0.15137
  0.15015
  0.15015
  0.14893
  0.14893
  0.14648
  0.14771
  0.15015
  0.14771
  0.14893
  0.14771
  0.14771
  0.14893
  0.15259
  0.14893
  0.15015
  0.15137
  0.15259
  0.15381
  0.15381
  0.15503
  0.15625
  0.15625
  0.15747
  0.15625
  0.16113
  0.16113
  0.16113
  0.15991
  0.16235
  0.16235
  0.16235
  0.16235
  0.16113
  0.16113
  0.16357
  0.16235
  0.16113
  0.15869
  0.15869
  0.16113
  0.15991
  0.15747
  0.15869
  0.15503
  0.15503
  0.15625
  0.15381
  0.14893
  0.14893
  0.15259
  0.15015
  0.14771
  0.14893
  0.14893
  0.14771
  0.15015
  0.14648
  0.14648
  0.14893
  0.15137
  0.14893
  0.14648
  0.15015
  0.15259
  0.15137
  0.15137
  0.15381
  0.15503
  0.15869
  0.15503
  0.15991
  0.15991
  0.16235
  0.16357
  0.16602
  0.16602
  0.16724
  0.16357
  0.16724
  0.16968
  0.16846
  0.16846
  0.16846
  0.16968
  0.16968
  0.17090
  0.16968
  0.16357
  0.16602
  0.16968
  0.16479
  0.16235
  0.16113
  0.16357
  0.15991
  0.16113
  0.15869
  0.15625
  0.15747
  0.15381
  0.15015
  0.14893
  0.14771
  0.15015
  0.14648
  0.14404
  0.14404
  0.14404
  0.14160
  0.14160
  0.13794
  0.14038
  0.13794
  0.14038
  0.13916
  0.13916
  0.13672
  0.13794
  0.13916
  0.13916
  0.14038
  0.13794
  0.14038
  0.14282
  0.14038
  0.14160
  0.14404
  0.14160
  0.14282
  0.14404
  0.14160
  0.14282
  0.14526
  0.14282
  0.14526
  0.14404
  0.14038
  0.14038
  0.14038
  0.14160
  0.14038
  0.14038
  0.13794
  0.13916
  0.13672
  0.13428
  0.13428
  0.13306
  0.13306
  0.13184
  0.13184
  0.12939
  0.13184
  0.13184
  0.13062
  0.12573
  0.12939
  0.13184
  0.13062
  0.12939
  0.12939
  0.12939
  0.13306
  0.13672
  0.13062
  0.13550
  0.13672
  0.13794
  0.14038
  0.14282
  0.14038
  0.14526
  0.14771
  0.14648
  0.15137
  0.14893
  0.15625
  0.15747
  0.15869
  0.16113
  0.16357
  0.16724
  0.16968
  0.17212
  0.17090
  0.17334
  0.17822
  0.17944
  0.17944
  0.18066
  0.18311
  0.18188
  0.18433
  0.18555
  0.18311
  0.18433
  0.18433
  0.18677
  0.18555
  0.18066
  0.18311
  0.18433
  0.18188
  0.18188
  0.18188
  0.17822
  0.18066
  0.17944
  0.17822
  0.17578
  0.17334
  0.17456
  0.17456
  0.17212
  0.16846
  0.16968
  0.16968
  0.16968
  0.16846
  0.16846
  0.16602
  0.16724
  0.16846
  0.16724
  0.16724
  0.16846
  0.16846
  0.16724
  0.16724
  0.16724
  0.16968
  0.16602
  0.16846
  0.16968
  0.16724
  0.16846
  0.16724
  0.16968
  0.16479
  0.16846
  0.16968
  0.16602
  0.16479
  0.16602
  0.16357
  0.16357
  0.16235
  0.15869
  0.15869
  0.15991
  0.15869
  0.15503
  0.14893
  0.15015
  0.15137
  0.14771
  0.14282
  0.14404
  0.14038
  0.14038
  0.13794
  0.13916
  0.13428
  0.13428
  0.13184
  0.13062
  0.13184
  0.12817
  0.12573
  0.12573
  0.12939
  0.12695
  0.12695
  0.12451
  0.12817
  0.12817
  0.12695
  0.12573
  0.12817
  0.13062
  0.12939
  0.13062
  0.13306
  0.13306
  0.13306
  0.13550
  0.13794
  0.13794
  0.13916
  0.14404
  0.14282
  0.14648
  0.14771
  0.14526
  0.15259
  0.15259
  0.15137
  0.15259
  0.15381
  0.15381
  0.15503
  0.15991
  0.15503
  0.15869
  0.15869
  0.16113
  0.15869
  0.15869
  0.15991
  0.16113
  0.16113
  0.16113
  0.15869
  0.15869
  0.15991
  0.16113
  0.15625
  0.15625
  0.15869
  0.16113
  0.15869
  0.15625
  0.15747
  0.16113
  0.16113
  0.15991
  0.16357
  0.15869
  0.16357
  0.16602
  0.16968
  0.16602
  0.16968
  0.17334
  0.17334
  0.17456
  0.17700
  0.17944
  0.18433
  0.18433
  0.18677
  0.18677
  0.18921
  0.19287
  0.19531
  0.19653
  0.19531
  0.20020
  0.20386
  0.20508
  0.20508
  0.20630
  0.20752
  0.21118
  0.21118
  0.21362
  0.20996
  0.21484
  0.21729
  0.21484
  0.21851
  0.21851
  0.21973
  0.22339
  0.22217
  0.21851
  0.22095
  0.22217
  0.22217
  0.22583
  0.22583
  0.22339
  0.22827
  0.23071
  0.23193
  0.23438
  0.23438
  0.23682
  0.24048
  0.24048
  0.24292
  0.25024
  0.25146
  0.25391
  0.25635
  0.25635
  0.26367
  0.26733
  0.26855
  0.27222
  0.27710
  0.28076
  0.28442
  0.29053
  0.28809
  0.29419
  0.30029
  0.30396
  0.30518
  0.30762
  0.31128
  0.31494
  0.31738
  0.31982
  0.32349
  0.32471
  0.33081
  0.33447
  0.33447
  0.33691
  0.34058
  0.34302
  0.34546
  0.34668
  0.35034
  0.35400
  0.35645
  0.35889
  0.36255
  0.36621
  0.36743
  0.37231
  0.37598
  0.37598
  0.38208
  0.38818
  0.39063
  0.39063
  0.39307
  0.40039
  0.40527
  0.40527
  0.40894
  0.41138
  0.41748
  0.41992
  0.42358
  0.42358
  0.42603
  0.43213
  0.43213
  0.43457
  0.43457
  0.43945
  0.43823
  0.44189
  0.44434
  0.44434
  0.44312
  0.44434
  0.44678
  0.44678
  0.44434
  0.44434
  0.44556
  0.44312
  0.44067
  0.43701
  0.43579
  0.43091
  0.42725
  0.42236
  0.41504
  0.41382
  0.40527
  0.39917
  0.39307
  0.38330
  0.37964
  0.37476
  0.36621
  0.35522
  0.34912
  0.34180
  0.33081
  0.31982
  0.31006
  0.30151
  0.29053
  0.27954
  0.27222
  0.25635
  0.24292
  0.23438
  0.22095
  0.20386
  0.18921
  0.17700
  0.15869
  0.14160
  0.12329
  0.10376
  0.07935
  0.06226
  0.04272
  0.01709
 -0.00488
 -0.02930
 -0.04883
 -0.07202
 -0.09888
 -0.11963
 -0.14160
 -0.16724
 -0.18921
 -0.21362
 -0.23560
 -0.25757
 -0.27710
 -0.29663
 -0.32104
 -0.34058
 -0.35767
 -0.37354
 -0.39185
 -0.40894
 -0.42480
 -0.43701
 -0.44922
 -0.46265
 -0.47241
 -0.48218
 -0.49072
 -0.49683
 -0.50293
 -0.50659
 -0.51636
 -0.51758
 -0.51636
 -0.51880
 -0.52124
 -0.51636
 -0.51636
 -0.51270
 -0.50903
 -0.50537
 -0.49805
 -0.48828
 -0.48340
 -0.47485
 -0.46509
 -0.45410
 -0.44678
 -0.43335
 -0.42236
 -0.40771
 -0.40161
 -0.38574
 -0.37231
 -0.36011
 -0.34912
 -0.33447
 -0.31860
 -0.30640
 -0.29297
 -0.27832
 -0.26733
 -0.24902
 -0.23560
 -0.22339
 -0.20996
 -0.19531
 -0.18066
 -0.16602
 -0.15381
 -0.14160
 -0.12817
 -0.11475
 -0.10132
 -0.09033
 -0.07690
 -0.06348
 -0.05249
 -0.03784
 -0.02563
 -0.01587
 -0.00488
  0.00854
  0.01709
  0.02563
  0.03540
  0.04761
  0.05981
  0.06470
  0.07080
  0.08057
  0.08789
  0.09521
  0.10376
  0.10864
  0.11230
  0.12207
  0.12695
  0.12939
  0.13428
  0.13672
  0.14404
  0.14526
  0.14526
  0.14893
  0.15259
  0.15259
  0.15381
  0.15503
  0.15259
  0.15503
  0.15625
  0.15137
  0.15137
  0.15015
  0.14893
  0.14404
  0.14160
  0.13672
  0.13428
  0.13062
  0.12451
  0.12207
  0.11597
  0.10986
  0.10376
  0.09521
  0.08911
  0.08057
  0.07080
  0.06348
  0.05371
  0.04517
  0.03540
  0.02441
  0.01343
  0.00000
 -0.00854
 -0.01831
 -0.03052
 -0.04150
 -0.05127
 -0.06226
 -0.07568
 -0.08423
 -0.09399
 -0.10498
 -0.11597
 -0.12451
 -0.13306
 -0.14648
 -0.15259
 -0.16113
 -0.17334
 -0.18066
 -0.18677
 -0.19653
 -0.20264
 -0.20996
 -0.21729
 -0.22339
 -0.22949
 -0.23804
 -0.24292
 -0.24902
 -0.25513
 -0.26123
 -0.26733
 -0.27222
 -0.27344
 -0.27588
 -0.28320
 -0.28931
 -0.28931
 -0.29175
 -0.29541
 -0.30029
 -0.30273
 -0.30273
 -0.30640
 -0.31006
 -0.31006
 -0.31006
 -0.31250
 -0.31128
 -0.31006
 -0.31494
 -0.31250
 -0.30884
 -0.31006
 -0.30884
 -0.31006
 -0.30640
 -0.30518
 -0.30396
 -0.30151
 -0.30396
 -0.29785
 -0.29663
 -0.29175
 -0.29175
 -0.29053
 -0.28687
 -0.28198
 -0.28076
 -0.27832
 -0.27466
 -0.27344
 -0.26855
 -0.26733
 -0.26489
 -0.26489
 -0.26001
 -0.25757
 -0.25513
 -0.25269
 -0.25146
 -0.24780
 -0.24414
 -0.24414
 -0.23804
 -0.23804
 -0.23438
 -0.23193
 -0.23071
 -0.22705
 -0.22217
 -0.22095
 -0.21729
 -0.21240
 -0.21118
 -0.20630
 -0.20142
 -0.20142
 -0.19409
 -0.18799
 -0.18433
 -0.17700
 -0.16968
 -0.16846
 -0.15869
 -0.15137
 -0.14648
 -0.13306
 -0.12695
 -0.11841
 -0.10864
 -0.09766
 -0.08667
 -0.07813
 -0.06226
 -0.05127
 -0.04150
 -0.02808
 -0.00977
  0.00610
  0.02075
  0.03906
  0.05737
  0.07324
  0.09277
  0.11475
  0.13428
  0.15625
  0.17700
  0.19897
  0.22217
  0.24658
  0.26855
  0.29297
  0.31738
  0.33936
  0.36255
  0.38818
  0.41138
  0.43579
  0.45654
  0.48096
  0.49805
  0.52368
  0.54565
  0.56396
  0.58594
  0.60425
  0.62134
  0.64087
  0.65918
  0.67505
  0.68726
  0.70435
  0.71899
  0.73486
  0.74585
  0.75562
  0.76904
  0.78125
  0.78979
  0.79956
  0.80566
  0.81177
  0.82031
  0.82886
  0.83008
  0.83252
  0.83740
  0.83984
  0.83984
  0.83984
  0.84229
  0.84229
  0.84106
  0.83496
  0.83374
  0.83008
  0.82520
  0.82031
  0.81177
  0.80688
  0.80078
  0.79102
  0.78491
  0.77393
  0.76538
  0.75317
  0.74463
  0.73364
  0.71899
  0.70923
  0.69458
  0.68115
  0.66895
  0.65674
  0.64209
  0.62988
  0.61646
  0.60425
  0.58960
  0.57495
  0.56274
  0.54932
  0.53711
  0.52246
  0.51270
  0.49927
  0.48706
  0.47729
  0.46509
  0.45532
  0.44312
  0.43457
  0.42603
  0.41626
  0.40527
  0.39429
  0.39307
  0.38574
  0.37476
  0.36987
  0.36377
  0.36011
  0.35278
  0.34668
  0.34180
  0.33691
  0.33813
  0.33203
  0.33081
  0.32715
  0.32349
  0.32349
  0.32104
  0.32104
  0.31738
  0.31860
  0.31738
  0.31494
  0.31616
  0.31860
  0.31738
  0.31738
  0.31982
  0.32104
  0.31860
  0.32349
  0.32593
  0.32471
  0.32593
  0.32959
  0.33325
  0.33569
  0.33813
  0.34180
  0.34424
  0.34790
  0.35156
  0.35767
  0.36011
  0.36621
  0.37476
  0.37354
  0.37964
  0.38574
  0.39307
  0.39917
  0.40161
  0.40771
  0.41504
  0.41992
  0.42603
  0.43213
  0.43823
  0.44189
  0.44922
  0.45410
  0.45776
  0.46631
  0.46875
  0.47607
  0.47974
  0.48706
  0.48584
  0.49072
  0.49805
  0.50171
  0.50171
  0.50781
  0.50537
  0.51147
  0.51025
  0.51270
  0.51636
  0.51514
  0.51514
  0.51636
  0.51758
  0.51270
  0.51025
  0.51270
  0.50781
  0.50781
  0.50293
  0.50049
  0.49805
  0.49194
  0.48828
  0.47852
  0.47607
  0.47119
  0.46265
  0.45654
  0.44800
  0.44189
  0.42969
  0.42236
  0.41382
  0.40283
  0.39185
  0.38086
  0.36499
  0.35156
  0.34058
  0.32715
  0.31006
  0.29053
  0.27466
  0.25635
  0.23804
  0.21484
  0.19165
  0.16602
  0.14038
  0.11475
  0.08545
  0.04883
  0.01709
 -0.01587
 -0.05371
 -0.08667
 -0.12573
 -0.16602
 -0.20508
 -0.24048
 -0.27954
 -0.32104
 -0.36133
 -0.39917
 -0.43823
 -0.47852
 -0.51758
 -0.55176
 -0.58594
 -0.62012
 -0.65430
 -0.68481
 -0.71655
 -0.74829
 -0.77026
 -0.79834
 -0.82397
 -0.84595
 -0.86304
 -0.88379
 -0.89966
 -0.91675
 -0.92407
 -0.93506
 -0.94360
 -0.95215
 -0.95581
 -0.96191
 -0.95825
 -0.95703
 -0.95825
 -0.95093
 -0.94604
 -0.93506
 -0.92529
 -0.91553
 -0.90088
 -0.88501
 -0.86914
 -0.85083
 -0.83496
 -0.81177
 -0.79102
 -0.76904
 -0.74463
 -0.72388
 -0.69824
 -0.67261
 -0.64575
 -0.61890
 -0.59204
 -0.56763
 -0.54077
 -0.50781
 -0.48340
 -0.45166
 -0.42725
 -0.39917
 -0.36865
 -0.33813
 -0.31250
 -0.28442
 -0.25513
 -0.22705
 -0.20142
 -0.17456
 -0.14648
 -0.12085
 -0.09766
 -0.06958
 -0.04395
 -0.02197
  0.00610
  0.03052
  0.05005
  0.07568
  0.09766
  0.11963
  0.14038
  0.15991
  0.18188
  0.20020
  0.21973
  0.23926
  0.25635
  0.27344
  0.28687
  0.30273
  0.31860
  0.33325
  0.34424
  0.35400
  0.36621
  0.37720
  0.38452
  0.39307
  0.39917
  0.40649
  0.41138
  0.41260
  0.41260
  0.41382
  0.41382
  0.41382
  0.40771
  0.40283
  0.39917
  0.38818
  0.37964
  0.37109
  0.35522
  0.34302
  0.32715
  0.30640
  0.28687
  0.26489
  0.24536
  0.22217
  0.19287
  0.17090
  0.14160
  0.11597
  0.09033
  0.05615
  0.02686
 -0.00366
 -0.03174
 -0.06104
 -0.09277
 -0.12085
 -0.15503
 -0.17822
 -0.20752
 -0.23682
 -0.26367
 -0.29297
 -0.31738
 -0.34058
 -0.36621
 -0.39307
 -0.41138
 -0.43335
 -0.45410
 -0.47485
 -0.49072
 -0.51025
 -0.52490
 -0.54077
 -0.55420
 -0.57129
 -0.57983
 -0.59082
 -0.60547
 -0.61279
 -0.62134
 -0.62622
 -0.63599
 -0.64209
 -0.64697
 -0.65430
 -0.65308
 -0.65674
 -0.65796
 -0.66284
 -0.66162
 -0.66162
 -0.65918
 -0.65674
 -0.65552
 -0.65552
 -0.64941
 -0.64331
 -0.64087
 -0.63599
 -0.62866
 -0.62378
 -0.61646
 -0.61401
 -0.60303
 -0.59692
 -0.58716
 -0.57983
 -0.57007
 -0.55908
 -0.54932
 -0.54077
 -0.53101
 -0.52246
 -0.51025
 -0.49927
 -0.48706
 -0.47485
 -0.46509
 -0.45410
 -0.44312
 -0.43091
 -0.41870
 -0.40894
 -0.39917
 -0.38330
 -0.37231
 -0.36255
 -0.35156
 -0.33691
 -0.32593
 -0.31616
 -0.30640
 -0.29907
 -0.28687
 -0.27466
 -0.26611
 -0.25635
 -0.24902
 -0.23804
 -0.22949
 -0.22095
 -0.21118
 -0.20508
 -0.19775
 -0.19043
 -0.17944
 -0.17456
 -0.16968
 -0.16479
 -0.15503
 -0.14648
 -0.14038
 -0.13550
 -0.12695
 -0.12085
 -0.11475
 -0.10864
 -0.10132
 -0.09766
 -0.08545
 -0.07813
 -0.07446
 -0.06714
 -0.05859
 -0.04639
 -0.04272
 -0.03296
 -0.02441
 -0.01709
 -0.00488
  0.00610
  0.01343
  0.02319
  0.03296
  0.04883
  0.06226
  0.07568
  0.08911
  0.10376
  0.11963
  0.14038
  0.15503
  0.17090
  0.18799
  0.21118
  0.22949
  0.24780
  0.26855
  0.28687
  0.30640
  0.32959
  0.35034
  0.37109
  0.39063
  0.41138
  0.43091
  0.45166
  0.46997
  0.48706
  0.50781
  0.52612
  0.54199
  0.55908
  0.57495
  0.58838
  0.60303
  0.61646
  0.62866
  0.64209
  0.65430
  0.66528
  0.67261
  0.68359
  0.69214
  0.70068
  0.71167
  0.71533
  0.72266
  0.72754
  0.73364
  0.73486
  0.73975
  0.74219
  0.74219
  0.74219
  0.74463
  0.74219
  0.74463
  0.73975
  0.73730
  0.73486
  0.73120
  0.72510
  0.72021
  0.71655
  0.70923
  0.69824
  0.69458
  0.68726
  0.67505
  0.66650
  0.65674
  0.64697
  0.63599
  0.62500
  0.61157
  0.59814
  0.58838
  0.57739
  0.55908
  0.54688
  0.53467
  0.52246
  0.51025
  0.49561
  0.47974
  0.46631
  0.45288
  0.43945
  0.42480
  0.41016
  0.39551
  0.38696
  0.37231
  0.35522
  0.34302
  0.33447
  0.32227
  0.31128
  0.29907
  0.28564
  0.27344
  0.26367
  0.25513
  0.24170
  0.23071
  0.22583
  0.21729
  0.20874
  0.19897
  0.19287
  0.18311
  0.17700
  0.17334
  0.16357
  0.15869
  0.15259
  0.14771
  0.14160
  0.13916
  0.13062
  0.12939
  0.12329
  0.11963
  0.11841
  0.11353
  0.10986
  0.10620
  0.10010
  0.10010
  0.09766
  0.09644
  0.09399
  0.09033
  0.09277
  0.08911
  0.08911
  0.08911
  0.08423
  0.08301
  0.08423
  0.08545
  0.08179
  0.08057
  0.08301
  0.08301
  0.08423
  0.08545
  0.08545
  0.08911
  0.08789
  0.09277
  0.09521
  0.09766
  0.10254
  0.10376
  0.10986
  0.11597
  0.11841
  0.12329
  0.12939
  0.13428
  0.14038
  0.14526
  0.15015
  0.15869
  0.16357
  0.17090
  0.17578
  0.18188
  0.19287
  0.20020
  0.20630
  0.21240
  0.21729
  0.22583
  0.23193
  0.23804
  0.24170
  0.24658
  0.25635
  0.26367
  0.26733
  0.27222
  0.27588
  0.28442
  0.28809
  0.29419
  0.29541
  0.30151
  0.30518
  0.31128
  0.31494
  0.31860
  0.31982
  0.32715
  0.32959
  0.33325
  0.33081
  0.33691
  0.33936
  0.34546
  0.34790
  0.34912
  0.35034
  0.35522
  0.35767
  0.35889
  0.35889
  0.36377
  0.36743
  0.36743
  0.36743
  0.37109
  0.37476
  0.37720
  0.37720
  0.37598
  0.37842
  0.38208
  0.38208
  0.38452
  0.38452
  0.38574
  0.38452
  0.38574
  0.38574
  0.38452
  0.38452
  0.38452
  0.38208
  0.38208
  0.37964
  0.37354
  0.36865
  0.37109
  0.36499
  0.35889
  0.35400
  0.34912
  0.34424
  0.33813
  0.32959
  0.32471
  0.31860
  0.31006
  0.30518
  0.29297
  0.28564
  0.27710
  0.27222
  0.26001
  0.24902
  0.23804
  0.22827
  0.21973
  0.20874
  0.19653
  0.18433
  0.17334
  0.16235
  0.15137
  0.13916
  0.12451
  0.11230
  0.10132
  0.08423
  0.07202
  0.05615
  0.04272
  0.02808
  0.00854
 -0.00732
 -0.02686
 -0.04150
 -0.06104
 -0.07690
 -0.09521
 -0.11353
 -0.13062
 -0.14648
 -0.16479
 -0.18066
 -0.19775
 -0.21240
 -0.22827
 -0.24292
 -0.25879
 -0.27710
 -0.28809
 -0.30151
 -0.31494
 -0.32837
 -0.33691
 -0.35034
 -0.35889
 -0.36743
 -0.37598
 -0.38940
 -0.39307
 -0.39795
 -0.40649
 -0.41016
 -0.41504
 -0.41748
 -0.41992
 -0.42358
 -0.42480
 -0.42236
 -0.42358
 -0.41992
 -0.41870
 -0.41992
 -0.41260
 -0.40894
 -0.40527
 -0.39795
 -0.39185
 -0.38330
 -0.37598
 -0.36743
 -0.36133
 -0.35278
 -0.34424
 -0.33325
 -0.32104
 -0.31128
 -0.30396
 -0.29053
 -0.27832
 -0.26733
 -0.26123
 -0.24658
 -0.23560
 -0.22461
 -0.21484
 -0.20264
 -0.19165
 -0.18066
 -0.16846
 -0.16235
 -0.14893
 -0.13916
 -0.12695
 -0.11963
 -0.11108
 -0.09888
 -0.08789
 -0.08057
 -0.07202
 -0.06470
 -0.05249
 -0.04639
 -0.03662
 -0.02808
 -0.02319
 -0.01587
 -0.00732
  0.00122
  0.00610
  0.01343
  0.02075
  0.03174
  0.03418
  0.03906
  0.04395
  0.05005
  0.05493
  0.06470
  0.07080
  0.07446
  0.07568
  0.08667
  0.09033
  0.09521
  0.09766
  0.10498
  0.11230
  0.11597
  0.11963
  0.12329
  0.13550
  0.13916
  0.14526
  0.14648
  0.15503
  0.16357
  0.16968
  0.17456
  0.18188
  0.18677
  0.19409
  0.20020
  0.20996
  0.21484
  0.22095
  0.22949
  0.23682
  0.23804
  0.24536
  0.25269
  0.26245
  0.26367
  0.26978
  0.27588
  0.27954
  0.28809
  0.29175
  0.29419
  0.29663
  0.30518
  0.30762
  0.30762
  0.31128
  0.31372
  0.31616
  0.32227
  0.32349
  0.31982
  0.32471
  0.32593
  0.32593
  0.32959
  0.32715
  0.33081
  0.33081
  0.32837
  0.32715
  0.32837
  0.32715
  0.32593
  0.32471
  0.32593
  0.32104
  0.32104
  0.31982
  0.31982
  0.31250
  0.31006
  0.31128
  0.31006
  0.30884
  0.30273
  0.29907
  0.29663
  0.29297
  0.28931
  0.28809
  0.28320
  0.27832
  0.27710
  0.26978
  0.26733
  0.26367
  0.26001
  0.25513
  0.25024
  0.24536
  0.24048
  0.23682
  0.23193
  0.22461
  0.21973
  0.21729
  0.21484
  0.20630
  0.20264
  0.19531
  0.19531
  0.18921
  0.18555
  0.18066
  0.17700
  0.17334
  0.17090
  0.16968
  0.16235
  0.16113
  0.15869
  0.16113
  0.15503
  0.15381
  0.15381
  0.14771
  0.14771
  0.15015
  0.14282
  0.14404
  0.14404
  0.14282
  0.14282
  0.13794
  0.13794
  0.13916
  0.13672
  0.13550
  0.13794
  0.13306
  0.13184
  0.13306
  0.13062
  0.12939
  0.12573
  0.12695
  0.12451
  0.12451
  0.12573
  0.11963
  0.11963
  0.11963
  0.11597
  0.11597
  0.11353
  0.11108
  0.10742
  0.10864
  0.10620
  0.10498
  0.10498
  0.10376
  0.10132
  0.10132
  0.10010
  0.09888
  0.09766
  0.09766
  0.09399
  0.09399
  0.09644
  0.09521
  0.09399
  0.09399
  0.09521
  0.09766
  0.09766
  0.09766
  0.10010
  0.10010
  0.10254
  0.10498
  0.10620
  0.10620
  0.10620
  0.10986
  0.10864
  0.11475
  0.11597
  0.11597
  0.11841
  0.11841
  0.12329
  0.12085
  0.12329
  0.12451
  0.12329
  0.12329
  0.12451
  0.12451
  0.12451
  0.12573
  0.12573
  0.12085
  0.12451
  0.12451
  0.12329
  0.12207
  0.12207
  0.12207
  0.12207
  0.12207
  0.11963
  0.11719
  0.11963
  0.11841
  0.11719
  0.11597
  0.11841
  0.11597
  0.11719
  0.11719
  0.11353
  0.11719
  0.11597
  0.11597
  0.10986
  0.11353
  0.11841
  0.11719
  0.11719
  0.11719
  0.11719
  0.11963
  0.12085
  0.12085
  0.11963
  0.11963
  0.12329
  0.12451
  0.12573
  0.12451
  0.12451
  0.12695
  0.13062
  0.12817
  0.12817
  0.12939
  0.13062
  0.13184
  0.12939
  0.13062
  0.13062
  0.13184
  0.13184
  0.13550
  0.13184
  0.13184
  0.13306
  0.13428
  0.13306
  0.12939
  0.13062
  0.12695
  0.12939
  0.12939
  0.12573
  0.12695
  0.12817
  0.12695
  0.12451
  0.12451
  0.12573
  0.12451
  0.12329
  0.12085
  0.12329
  0.12451
  0.12329
  0.12329
  0.12329
  0.12573
  0.12695
  0.12695
  0.12695
  0.12695
  0.12573
  0.12939
  0.13428
  0.13062
  0.13306
  0.13550
  0.13794
  0.13794
  0.13794
  0.14282
  0.14160
  0.14526
  0.15015
  0.15015
  0.15137
  0.15503
  0.15747
  0.16113
  0.16113
  0.16479
  0.16479
  0.16846
  0.17334
  0.17212
  0.17822
  0.17578
  0.18066
  0.18555
  0.18555
  0.19043
  0.18921
  0.19287
  0.19653
  0.19653
  0.20020
  0.20142
  0.20630
  0.20752
  0.20874
  0.21118
  0.20996
  0.21606
  0.21973
  0.21851
  0.22217
  0.22583
  0.23193
  0.23438
  0.23315
  0.24170
  0.24292
  0.24902
  0.25269
  0.25635
  0.25757
  0.26367
  0.26855
  0.26978
  0.27344
  0.27710
  0.28198
  0.28687
  0.28809
  0.29053
  0.29297
  0.29785
  0.30029
  0.30029
  0.30396
  0.30640
  0.30884
  0.31128
  0.31128
  0.30884
  0.31128
  0.31616
  0.31250
  0.31372
  0.31250
  0.31372
  0.31372
  0.31128
  0.31006
  0.30762
  0.30518
  0.30518
  0.30273
  0.29785
  0.29419
  0.29297
  0.29053
  0.28564
  0.28076
  0.27588
  0.27222
  0.26489
  0.26245
  0.25391
  0.25024
  0.24292
  0.23804
  0.22827
  0.22339
  0.21362
  0.20508
  0.19897
  0.19165
  0.18066
  0.17090
  0.15869
  0.15259
  0.14038
  0.12939
  0.11597
  0.10376
  0.09521
  0.07935
  0.06470
  0.05005
  0.03784
  0.01953
  0.00488
 -0.01099
 -0.02808
 -0.04150
 -0.05615
 -0.07446
 -0.09155
 -0.10498
 -0.11719
 -0.12939
 -0.14648
 -0.15991
 -0.16846
 -0.18311
 -0.19531
 -0.20508
 -0.21362
 -0.22583
 -0.23315
 -0.24170
 -0.24902
 -0.25391
 -0.26367
 -0.26245
 -0.26733
 -0.27222
 -0.27466
 -0.27954
 -0.27832
 -0.27710
 -0.27588
 -0.27710
 -0.27710
 -0.26978
 -0.26855
 -0.26733
 -0.26123
 -0.25757
 -0.25024
 -0.24902
 -0.24170
 -0.23682
 -0.22949
 -0.21973
 -0.21362
 -0.20630
 -0.19775
 -0.19165
 -0.18188
 -0.17212
 -0.16235
 -0.15869
 -0.14771
 -0.13794
 -0.13428
 -0.12207
 -0.11841
 -0.10864
 -0.10132
 -0.09155
 -0.08545
 -0.07935
 -0.07080
 -0.06592
 -0.06104
 -0.05249
 -0.04639
 -0.04028
 -0.03784
 -0.02930
 -0.02441
 -0.02197
 -0.01221
 -0.00854
 -0.00488
  0.00000
  0.00610
  0.00977
  0.01099
  0.01587
  0.02441
  0.02930
  0.03174
  0.03662
  0.03662
  0.04150
  0.04639
  0.05249
  0.05371
  0.05615
  0.05859
  0.06836
  0.06958
  0.06714
  0.07324
  0.07690
  0.07935
  0.08301
  0.08545
  0.08789
  0.08789
  0.09155
  0.09644
  0.09277
  0.09766
  0.09766
  0.10376
  0.10498
  0.10254
  0.10742
  0.11108
  0.10986
  0.11353
  0.11353
  0.11719
  0.11963
  0.12451
  0.12939
  0.12939
  0.13062
  0.13550
  0.13794
  0.14282
  0.14648
  0.14648
  0.15381
  0.15747
  0.15869
  0.16479
  0.16724
  0.16968
  0.17700
  0.18311
  0.18555
  0.18677
  0.19287
  0.19897
  0.20142
  0.20508
  0.20996
  0.21606
  0.21606
  0.22217
  0.22461
  0.22949
  0.23560
  0.23804
  0.24292
  0.24536
  0.24902
  0.25513
  0.25879
  0.26001
  0.26245
  0.26733
  0.27222
  0.27588
  0.27588
  0.27710
  0.27710
  0.28076
  0.28442
  0.28320
  0.28442
  0.28442
  0.28320
  0.28809
  0.28687
  0.28320
  0.28442
  0.28687
  0.28809
  0.28442
  0.28320
  0.28320
  0.28198
  0.27954
  0.27954
  0.27710
  0.27344
  0.27588
  0.27588
  0.27344
  0.27222
  0.27100
  0.27222
  0.26733
  0.26733
  0.26855
  0.26733
  0.26733
  0.26733
  0.26733
  0.26733
  0.26978
  0.26855
  0.26978
  0.27222
  0.26855
  0.26855
  0.27100
  0.27344
  0.27344
  0.27100
  0.27466
  0.27588
  0.27222
  0.27710
  0.27588
  0.27588
  0.27588
  0.27710
  0.27588
  0.27344
  0.27344
  0.27222
  0.27344
  0.26978
  0.26855
  0.26611
  0.26733
  0.26489
  0.26367
  0.26123
  0.25635
  0.25757
  0.25391
  0.25024
  0.24414
  0.24780
  0.24414
  0.23804
  0.23560
  0.23315
  0.23193
  0.22705
  0.22583
  0.22217
  0.21484
  0.21484
  0.21240
  0.20752
  0.20386
  0.20020
  0.19775
  0.19531
  0.18921
  0.18555
  0.18066
  0.17578
  0.17090
  0.16968
  0.16479
  0.15625
  0.15015
  0.14648
  0.14282
  0.13428
  0.12329
  0.12207
  0.11108
  0.10254
  0.09521
  0.08423
  0.07446
  0.06470
  0.05615
  0.04150
  0.02808
  0.01587
  0.00488
 -0.00977
 -0.02319
 -0.03784
 -0.04883
 -0.06226
 -0.07813
 -0.09155
 -0.10620
 -0.11841
 -0.12939
 -0.14160
 -0.15259
 -0.16602
 -0.17578
 -0.18677
 -0.19653
 -0.20386
 -0.21729
 -0.22339
 -0.22949
 -0.23804
 -0.24170
 -0.25146
 -0.25391
 -0.25757
 -0.26611
 -0.26489
 -0.26733
 -0.26978
 -0.27100
 -0.27344
 -0.27100
 -0.27100
 -0.26855
 -0.26855
 -0.26733
 -0.26489
 -0.26367
 -0.25757
 -0.25513
 -0.25391
 -0.24658
 -0.23926
 -0.23682
 -0.23560
 -0.22827
 -0.22339
 -0.21973
 -0.21240
 -0.20996
 -0.20020
 -0.19897
 -0.19043
 -0.18555
 -0.17944
 -0.17456
 -0.16968
 -0.16113
 -0.15747
 -0.15259
 -0.14526
 -0.14160
 -0.13550
 -0.12695
 -0.12207
 -0.11963
 -0.11230
 -0.10742
 -0.10132
 -0.09521
 -0.09155
 -0.08301
 -0.07813
 -0.07324
 -0.06958
 -0.05981
 -0.05615
 -0.05127
 -0.04517
 -0.03784
 -0.03296
 -0.02686
 -0.02075
 -0.01831
 -0.00977
 -0.00488
  0.00122
  0.00366
  0.01099
  0.01343
  0.01953
  0.02808
  0.03296
  0.03418
  0.03906
  0.04028
  0.04761
  0.05005
  0.05493
  0.05737
  0.05615
  0.06348
  0.06592
  0.06958
  0.06836
  0.07080
  0.07568
  0.07935
  0.08301
  0.08423
  0.08911
  0.09155
  0.09644
  0.09888
  0.10254
  0.10498
  0.10864
  0.11597
  0.11841
  0.12329
  0.12817
  0.13184
  0.13794
  0.14282
  0.14893
  0.15381
  0.15869
  0.16724
  0.17334
  0.17944
  0.18555
  0.19043
  0.19653
  0.20508
  0.20874
  0.21484
  0.22095
  0.22705
  0.23193
  0.23682
  0.24170
  0.24780
  0.25269
  0.25513
  0.26001
  0.26733
  0.26978
  0.27344
  0.27466
  0.27710
  0.28198
  0.28687
  0.28687
  0.28320
  0.28809
  0.29053
  0.29053
  0.29175
  0.28931
  0.28931
  0.29053
  0.29175
  0.28809
  0.28198
  0.28198
  0.28320
  0.28198
  0.27710
  0.27588
  0.27100
  0.27100
  0.26611
  0.26245
  0.26001
  0.25513
  0.25513
  0.25391
  0.24658
  0.23926
  0.23804
  0.23682
  0.23315
  0.22949
  0.22583
  0.22217
  0.21973
  0.21484
  0.21484
  0.20996
  0.20386
  0.20020
  0.20020
  0.19775
  0.19287
  0.19165
  0.18921
  0.18555
  0.18188
  0.17944
  0.17822
  0.17334
  0.17212
  0.17090
  0.16479
  0.16235
  0.16357
  0.15869
  0.15625
  0.15381
  0.15381
  0.15259
  0.14648
  0.14648
  0.14648
  0.14282
  0.14160
  0.13794
  0.13794
  0.13550
  0.13428
  0.13428
  0.13306
  0.12817
  0.12695
  0.12695
  0.12573
  0.12085
  0.11841
  0.11963
  0.11719
  0.11597
  0.11475
  0.11230
  0.11108
  0.10864
  0.10864
  0.10864
  0.10376
  0.10620
  0.10620
  0.10254
  0.10254
  0.09766
  0.10132
  0.10010
  0.10010
  0.10132
  0.09766
  0.10010
  0.10010
  0.10254
  0.10010
  0.09766
  0.10254
  0.10376
  0.10376
  0.10376
  0.10254
  0.10742
  0.10986
  0.10986
  0.10620
  0.10864
  0.11230
  0.11475
  0.11597
  0.11597
  0.11719
  0.11963
  0.12329
  0.12451
  0.12573
  0.12695
  0.12939
  0.13184
  0.13184
  0.13550
  0.13184
  0.13794
  0.13916
  0.14038
  0.14038
  0.13672
  0.14282
  0.14404
  0.14404
  0.14282
  0.14282
  0.14160
  0.14282
  0.14282
  0.14160
  0.13916
  0.14160
  0.14404
  0.13794
  0.13916
  0.13672
  0.14038
  0.14038
  0.14038
  0.14038
  0.13916
  0.13916
  0.13916
  0.13550
  0.13672
  0.13672
  0.13794
  0.13672
  0.13916
  0.13794
  0.13672
  0.14160
  0.14160
  0.14160
  0.14038
  0.14404
  0.14404
  0.14771
  0.14771
  0.15137
  0.15259
  0.15381
  0.15625
  0.15747
  0.15869
  0.15869
  0.16235
  0.16479
  0.16724
  0.16846
  0.17090
  0.17456
  0.17822
  0.18066
  0.17822
  0.18311
  0.18677
  0.18677
  0.18799
  0.19043
  0.19165
  0.19531
  0.19897
  0.19897
  0.20020
  0.20386
  0.20630
  0.20508
  0.20752
  0.20874
  0.21362
  0.21484
  0.21606
  0.21729
  0.21973
  0.22339
  0.22827
  0.22583
  0.22827
  0.22949
  0.23193
  0.23682
  0.24048
  0.23926
  0.24414
  0.24780
  0.24780
  0.25146
  0.25635
  0.25635
  0.25879
  0.26367
  0.26611
  0.26489
  0.27222
  0.27100
  0.27588
  0.27466
  0.27832
  0.28076
  0.28076
  0.28198
  0.28320
  0.28442
  0.28564
  0.28687
  0.28564
  0.28687
  0.28564
  0.28564
  0.28564
  0.28564
  0.28198
  0.28198
  0.28198
  0.28076
  0.27466
  0.27466
  0.27344
  0.26978
  0.26611
  0.26489
  0.26001
  0.25635
  0.25391
  0.25146
  0.24292
  0.23804
  0.23560
  0.23071
  0.22461
  0.21973
  0.21484
  0.20874
  0.20264
  0.19897
  0.19043
  0.18066
  0.17578
  0.16968
  0.16113
  0.15259
  0.14526
  0.13550
  0.12817
  0.11597
  0.10864
  0.09644
  0.08911
  0.07690
  0.06470
  0.05005
  0.03540
  0.02197
  0.00366
 -0.01099
 -0.02563
 -0.04639
 -0.06226
 -0.07935
 -0.10010
 -0.11963
 -0.13672
 -0.15625
 -0.17578
 -0.19287
 -0.21118
 -0.22827
 -0.24658
 -0.26367
 -0.27710
 -0.29419
 -0.30640
 -0.31860
 -0.33691
 -0.34912
 -0.35889
 -0.36865
 -0.37842
 -0.39063
 -0.39917
 -0.40527
 -0.41138
 -0.42114
 -0.42358
 -0.42847
 -0.42969
 -0.43091
 -0.43335
 -0.43457
 -0.43457
 -0.43335
 -0.43091
 -0.42969
 -0.42603
 -0.42236
 -0.41626
 -0.41016
 -0.40649
 -0.39795
 -0.39307
 -0.37964
 -0.37476
 -0.36499
 -0.35767
 -0.34790
 -0.33447
 -0.32349
 -0.31372
 -0.30640
 -0.29053
 -0.27954
 -0.27100
 -0.25879
 -0.25024
 -0.23560
 -0.22461
 -0.21240
 -0.20264
 -0.19409
 -0.18311
 -0.17090
 -0.15991
 -0.15015
 -0.14404
 -0.13428
 -0.12207
 -0.11108
 -0.10498
 -0.09644
 -0.08667
 -0.08057
 -0.07080
 -0.06470
 -0.05859
 -0.04883
 -0.04395
 -0.03418
 -0.03174
 -0.02075
 -0.01587
 -0.00610
 -0.00122
  0.00610
  0.01465
  0.01709
  0.02808
  0.03662
  0.03662
  0.04517
  0.05005
  0.05737
  0.06104
  0.06836
  0.07324
  0.07568
  0.08301
  0.08667
  0.08911
  0.09399
  0.09766
  0.10376
  0.10864
  0.10986
  0.11353
  0.12085
  0.12329
  0.12817
  0.13062
  0.13672
  0.14404
  0.14771
  0.15015
  0.15503
  0.16357
  0.16479
  0.17090
  0.17700
  0.18311
  0.18188
  0.19043
  0.19531
  0.20142
  0.20630
  0.20874
  0.21606
  0.22095
  0.22339
  0.22949
  0.23071
  0.23682
  0.24414
  0.24780
  0.25024
  0.25513
  0.26001
  0.26367
  0.26855
  0.27100
  0.27466
  0.27466
  0.27954
  0.28564
  0.28809
  0.28931
  0.29419
  0.29663
  0.29785
  0.30273
  0.30273
  0.30884
  0.31006
  0.31372
  0.31128
  0.31616
  0.31616
  0.31860
  0.31982
  0.31738
  0.31860
  0.31982
  0.31860
  0.31860
  0.31738
  0.31616
  0.31372
  0.31250
  0.30884
  0.30518
  0.30518
  0.30151
  0.29907
  0.29541
  0.29663
  0.28931
  0.29053
  0.28687
  0.27954
  0.27588
  0.27466
  0.26978
  0.26489
  0.26367
  0.25879
  0.25391
  0.25391
  0.25269
  0.24780
  0.23804
  0.23804
  0.23804
  0.23438
  0.22827
  0.22827
  0.22461
  0.22339
  0.22339
  0.22095
  0.21851
  0.21240
  0.21362
  0.21484
  0.21118
  0.21118
  0.20996
  0.21118
  0.20752
  0.20874
  0.20752
  0.20630
  0.20630
  0.20874
  0.20630
  0.20386
  0.20630
  0.20508
  0.20508
  0.20264
  0.20508
  0.20386
  0.20630
  0.20508
  0.20752
  0.20508
  0.20508
  0.20752
  0.20752
  0.20630
  0.20508
  0.20752
  0.20996
  0.20630
  0.20996
  0.20996
  0.21240
  0.21240
  0.21484
  0.21484
  0.21729
  0.21973
  0.22217
  0.22339
  0.22949
  0.22827
  0.23193
  0.23682
  0.24048
  0.24292
  0.24780
  0.25269
  0.25146
  0.25635
  0.26001
  0.26733
  0.26978
  0.27222
  0.27466
  0.28076
  0.28687
  0.29175
  0.29175
  0.29541
  0.30029
  0.30762
  0.30884
  0.31372
  0.31372
  0.31616
  0.32349
  0.32471
  0.32715
  0.32837
  0.33203
  0.33569
  0.33936
  0.33936
  0.34180
  0.34180
  0.34790
  0.34668
  0.35034
  0.34790
  0.34912
  0.35278
  0.35034
  0.35278
  0.35156
  0.35278
  0.35034
  0.35400
  0.35278
  0.34912
  0.35278
  0.35156
  0.35400
  0.35278
  0.35034
  0.34912
  0.34790
  0.34546
  0.34302
  0.34180
  0.33813
  0.33691
  0.33447
  0.32959
  0.32837
  0.32471
  0.31982
  0.31494
  0.31128
  0.30762
  0.29907
  0.29785
  0.29419
  0.28320
  0.27832
  0.27222
  0.26733
  0.25879
  0.24902
  0.24292
  0.22949
  0.22095
  0.21118
  0.19775
  0.18677
  0.17456
  0.16357
  0.14893
  0.13306
  0.11841
  0.10010
  0.08789
  0.06714
  0.04395
  0.02441
  0.00244
 -0.01709
 -0.04028
 -0.06348
 -0.08789
 -0.11230
 -0.13428
 -0.15747
 -0.18188
 -0.20752
 -0.22705
 -0.25024
 -0.27222
 -0.29419
 -0.31616
 -0.33325
 -0.35278
 -0.37109
 -0.38818
 -0.40771
 -0.42114
 -0.43579
 -0.44678
 -0.46143
 -0.47363
 -0.48218
 -0.48950
 -0.49927
 -0.50659
 -0.51025
 -0.51392
 -0.51880
 -0.52002
 -0.52246
 -0.52246
 -0.52124
 -0.52368
 -0.51880
 -0.51392
 -0.50781
 -0.50659
 -0.49927
 -0.49194
 -0.48706
 -0.47852
 -0.46875
 -0.45898
 -0.45166
 -0.44189
 -0.42603
 -0.41748
 -0.40527
 -0.39429
 -0.38208
 -0.36621
 -0.35034
 -0.33813
 -0.32471
 -0.31372
 -0.29541
 -0.27710
 -0.26489
 -0.24780
 -0.22827
 -0.21240
 -0.19897
 -0.18066
 -0.16357
 -0.14526
 -0.12939
 -0.10986
 -0.09521
 -0.08057
 -0.06226
 -0.04517
 -0.03052
 -0.01465
  0.00000
  0.01709
  0.03296
  0.04517
  0.06226
  0.07446
  0.08545
  0.10254
  0.11475
  0.12329
  0.13550
  0.14648
  0.15503
  0.16602
  0.17456
  0.18311
  0.19409
  0.19897
  0.20752
  0.21362
  0.21606
  0.22339
  0.22827
  0.22827
  0.23438
  0.23682
  0.23926
  0.24170
  0.23926
  0.24048
  0.24170
  0.24170
  0.24170
  0.24048
  0.23926
  0.23560
  0.23315
  0.23315
  0.22827
  0.22339
  0.21851
  0.21606
  0.20996
  0.20386
  0.19897
  0.19409
  0.18555
  0.17944
  0.17090
  0.16357
  0.15381
  0.14771
  0.13550
  0.12817
  0.11841
  0.10376
  0.09277
  0.08179
  0.06714
  0.05615
  0.04028
  0.02686
  0.00977
 -0.00854
 -0.02075
 -0.03784
 -0.05249
 -0.06836
 -0.08545
 -0.10620
 -0.11963
 -0.13428
 -0.15137
 -0.16479
 -0.18188
 -0.19653
 -0.21240
 -0.22339
 -0.23804
 -0.25391
 -0.26611
 -0.27588
 -0.29053
 -0.30151
 -0.31494
 -0.32227
 -0.33203
 -0.34180
 -0.35156
 -0.35889
 -0.36621
 -0.37354
 -0.37842
 -0.38208
 -0.39063
 -0.39429
 -0.39673
 -0.39795
 -0.40405
 -0.40771
 -0.41016
 -0.40894
 -0.41016
 -0.41016
 -0.40894
 -0.40771
 -0.40649
 -0.40283
 -0.40405
 -0.40161
 -0.39795
 -0.39307
 -0.38940
 -0.38330
 -0.38086
 -0.38086
 -0.37354
 -0.36987
 -0.36621
 -0.36133
 -0.35645
 -0.35034
 -0.34546
 -0.34302
 -0.33936
 -0.33203
 -0.32715
 -0.32471
 -0.31982
 -0.31494
 -0.31006
 -0.30640
 -0.30273
 -0.30029
 -0.29541
 -0.28931
 -0.28442
 -0.28320
 -0.28076
 -0.27588
 -0.26978
 -0.26611
 -0.26123
 -0.26001
 -0.25391
 -0.24902
 -0.24414
 -0.24170
 -0.23804
 -0.23193
 -0.22461
 -0.22339
 -0.21973
 -0.21118
 -0.20386
 -0.19897
 -0.19653
 -0.19165
 -0.18555
 -0.17944
 -0.17212
 -0.16846
 -0.15991
 -0.15625
 -0.14771
 -0.13916
 -0.13306
 -0.13062
 -0.11963
 -0.10864
 -0.10254
 -0.09644
 -0.08789
 -0.07813
 -0.06958
 -0.05737
 -0.05005
 -0.04028
 -0.03174
 -0.01709
 -0.00488
  0.00244
  0.01343
  0.03052
  0.04517
  0.06104
  0.07324
  0.09033
  0.10864
  0.12939
  0.14771
  0.16479
  0.18311
  0.20630
  0.22827
  0.25024
  0.26733
  0.29053
  0.31128
  0.33691
  0.35645
  0.37720
  0.40039
  0.41992
  0.44556
  0.46631
  0.48584
  0.50293
  0.52612
  0.54565
  0.56274
  0.58105
  0.59937
  0.61523
  0.63232
  0.65186
  0.66528
  0.67627
  0.68970
  0.70435
  0.71411
  0.72632
  0.73486
  0.74585
  0.75195
  0.75928
  0.76294
  0.76660
  0.77393
  0.77759
  0.77759
  0.77759
  0.77759
  0.77881
  0.78125
  0.77759
  0.77393
  0.77148
  0.76660
  0.75928
  0.75684
  0.74951
  0.74097
  0.73608
  0.72876
  0.71899
  0.71045
  0.70190
  0.69458
  0.68481
  0.67383
  0.66650
  0.65552
  0.64331
  0.63232
  0.62256
  0.60913
  0.59814
  0.58960
  0.58105
  0.57129
  0.55298
  0.54565
  0.53955
  0.52734
  0.51392
  0.50415
  0.49316
  0.48584
  0.47607
  0.46631
  0.45654
  0.44556
  0.43823
  0.42969
  0.41870
  0.40771
  0.40283
  0.39551
  0.38818
  0.37964
  0.37109
  0.36377
  0.35889
  0.35156
  0.34546
  0.33813
  0.33325
  0.32715
  0.32471
  0.31738
  0.31250
  0.30762
  0.30518
  0.29785
  0.29541
  0.29053
  0.28687
  0.28442
  0.28198
  0.28076
  0.27588
  0.27588
  0.27466
  0.27222
  0.27100
  0.27100
  0.27222
  0.27344
  0.27222
  0.27344
  0.27466
  0.27588
  0.27954
  0.28076
  0.28198
  0.28320
  0.28931
  0.29175
  0.29419
  0.29907
  0.30273
  0.30762
  0.30884
  0.31250
  0.32104
  0.31982
  0.32837
  0.33447
  0.33691
  0.33813
  0.34424
  0.35156
  0.35767
  0.35889
  0.36377
  0.36987
  0.37476
  0.38086
  0.38086
  0.38452
  0.38696
  0.39307
  0.39551
  0.40039
  0.40039
  0.40283
  0.41016
  0.40894
  0.40771
  0.41016
  0.41382
  0.41504
  0.41260
  0.41504
  0.41504
  0.41504
  0.41382
  0.41626
  0.41260
  0.41382
  0.41138
  0.41138
  0.41138
  0.40771
  0.40283
  0.40283
  0.40039
  0.39429
  0.39185
  0.39063
  0.38818
  0.38452
  0.37842
  0.37109
  0.37231
  0.36621
  0.36011
  0.35400
  0.34546
  0.33813
  0.33325
  0.32471
  0.31494
  0.30518
  0.29907
  0.28809
  0.27344
  0.26367
  0.25024
  0.24048
  0.22095
  0.20874
  0.19165
  0.17090
  0.15381
  0.13550
  0.11353
  0.09033
  0.06226
  0.04028
  0.00854
 -0.01587
 -0.04883
 -0.07813
 -0.10864
 -0.13550
 -0.16968
 -0.20386
 -0.23315
 -0.26245
 -0.29175
 -0.32837
 -0.35645
 -0.38574
 -0.41382
 -0.44189
 -0.46875
 -0.49438
 -0.52246
 -0.54321
 -0.56519
 -0.59082
 -0.61035
 -0.62988
 -0.64453
 -0.65918
 -0.67627
 -0.69214
 -0.70190
 -0.70923
 -0.71655
 -0.72632
 -0.73242
 -0.73486
 -0.73730
 -0.73730
 -0.73975
 -0.73608
 -0.73364
 -0.72754
 -0.71899
 -0.71411
 -0.70679
 -0.69458
 -0.68359
 -0.67139
 -0.65918
 -0.64575
 -0.62866
 -0.61279
 -0.59448
 -0.57739
 -0.55664
 -0.53711
 -0.51636
 -0.49927
 -0.47485
 -0.45044
 -0.43091
 -0.40649
 -0.38330
 -0.35889
 -0.33691
 -0.30884
 -0.28320
 -0.26123
 -0.23560
 -0.20874
 -0.18433
 -0.15991
 -0.13306
 -0.10742
 -0.08301
 -0.05737
 -0.03052
 -0.01221
  0.01587
  0.04028
  0.06470
  0.08301
  0.10742
  0.12939
  0.15381
  0.17212
  0.19043
  0.20996
  0.22949
  0.24902
  0.26367
  0.28320
  0.29785
  0.31128
  0.32593
  0.34180
  0.35156
  0.36377
  0.37476
  0.38574
  0.39307
  0.40039
  0.40405
  0.41138
  0.41870
  0.42236
  0.42358
  0.42725
  0.42847
  0.42725
  0.42725
  0.42603
  0.42114
  0.41748
  0.41016
  0.40527
  0.39429
  0.38696
  0.37476
  0.36621
  0.35156
  0.33447
  0.31982
  0.30151
  0.28076
  0.26123
  0.23926
  0.21118
  0.18677
  0.16235
  0.12939
  0.10132
  0.07080
  0.04272
  0.00732
 -0.02197
 -0.05493
 -0.08789
 -0.12329
 -0.15137
 -0.18677
 -0.21729
 -0.25391
 -0.28198
 -0.31250
 -0.34180
 -0.37231
 -0.40283
 -0.42969
 -0.45654
 -0.48340
 -0.50781
 -0.52979
 -0.55542
 -0.57373
 -0.59692
 -0.61890
 -0.63721
 -0.65308
 -0.66650
 -0.68237
 -0.69946
 -0.71045
 -0.72021
 -0.72998
 -0.74341
 -0.74829
 -0.75684
 -0.76172
 -0.76782
 -0.77148
 -0.77515
 -0.77515
 -0.77637
 -0.77637
 -0.77637
 -0.77515
 -0.76904
 -0.76294
 -0.75928
 -0.75562
 -0.74829
 -0.73975
 -0.72998
 -0.72510
 -0.71655
 -0.70679
 -0.69336
 -0.68359
 -0.67261
 -0.66162
 -0.64941
 -0.63354
 -0.62134
 -0.60669
 -0.59448
 -0.58105
 -0.56519
 -0.55054
 -0.53589
 -0.52490
 -0.50903
 -0.49316
 -0.47974
 -0.46753
 -0.45166
 -0.43701
 -0.42236
 -0.40894
 -0.39917
 -0.38574
 -0.36987
 -0.35767
 -0.34668
 -0.33447
 -0.32471
 -0.31250
 -0.29785
 -0.28564
 -0.27466
 -0.26367
 -0.25391
 -0.24170
 -0.23193
 -0.22461
 -0.21362
 -0.20264
 -0.18921
 -0.18066
 -0.17456
 -0.16724
 -0.15747
 -0.14404
 -0.13916
 -0.12817
 -0.11963
 -0.11230
 -0.10376
 -0.09155
 -0.08667
 -0.07935
 -0.06958
 -0.05737
 -0.05127
 -0.04395
 -0.03662
 -0.02930
 -0.01709
 -0.00977
 -0.00244
  0.00366
  0.01099
  0.02563
  0.03540
  0.04028
  0.05127
  0.05859
  0.07080
  0.07935
  0.08789
  0.09766
  0.10742
  0.11597
  0.12695
  0.14038
  0.15137
  0.16235
  0.17700
  0.19043
  0.20142
  0.21606
  0.23193
  0.24658
  0.26245
  0.27710
  0.28931
  0.30762
  0.32471
  0.33569
  0.35400
  0.36865
  0.38574
  0.39795
  0.41626
  0.42725
  0.44189
  0.45776
  0.47363
  0.48340
  0.49805
  0.51025
  0.51880
  0.53711
  0.54810
  0.55664
  0.56641
  0.57495
  0.58472
  0.59326
  0.59570
  0.60547
  0.61157
  0.61646
  0.62134
  0.62378
  0.62744
  0.62988
  0.62988
  0.62988
  0.62988
  0.63110
  0.62866
  0.62988
  0.62500
  0.62012
  0.61890
  0.61523
  0.60791
  0.60425
  0.59937
  0.59082
  0.58228
  0.57495
  0.56396
  0.55542
  0.54688
  0.53711
  0.53101
  0.51514
  0.50659
  0.49683
  0.48706
  0.47607
  0.46387
  0.45288
  0.44189
  0.43091
  0.41504
  0.40771
  0.39429
  0.38330
  0.37354
  0.36011
  0.34912
  0.33936
  0.32593
  0.31616
  0.30396
  0.29419
  0.28076
  0.27344
  0.26367
  0.25269
  0.24292
  0.23315
  0.22339
  0.21851
  0.20386
  0.19653
  0.18799
  0.18066
  0.17456
  0.16357
  0.15869
  0.15015
  0.14526
  0.13672
  0.13184
  0.12207
  0.11719
  0.10986
  0.10742
  0.10132
  0.09399
  0.09155
  0.08545
  0.08057
  0.07690
  0.07324
  0.06836
  0.06836
  0.06470
  0.06348
  0.05615
  0.05737
  0.05615
  0.05371
  0.05493
  0.05127
  0.05005
  0.04883
  0.05127
  0.05005
  0.05005
  0.05005
  0.05249
  0.05127
  0.05127
  0.05493
  0.05615
  0.05615
  0.05981
  0.05859
  0.06348
  0.06470
  0.06714
  0.06836
  0.07202
  0.07080
  0.07690
  0.08057
  0.08057
  0.08301
  0.08667
  0.08789
  0.09155
  0.09399
  0.09277
  0.09888
  0.10010
  0.10376
  0.10620
  0.10742
  0.10742
  0.10986
  0.11475
  0.11719
  0.11230
  0.11963
  0.12451
  0.12207
  0.12573
  0.12573
  0.12939
  0.12939
  0.13062
  0.13428
  0.13306
  0.13428
  0.13428
  0.13794
  0.13916
  0.13916
  0.13794
  0.14038
  0.14404
  0.14038
  0.14282
  0.14160
  0.14160
  0.14526
  0.14648
  0.14526
  0.14526
  0.14771
  0.15015
  0.14893
  0.14893
  0.15015
  0.15015
  0.15381
  0.15137
  0.15259
  0.15381
  0.15381
  0.15503
  0.15503
  0.15381
  0.15503
  0.15747
  0.15869
  0.15381
  0.15991
  0.15503
  0.15869
  0.16113
  0.15747
  0.15747
  0.15747
  0.15747
  0.15991
  0.15625
  0.15503
  0.15503
  0.15625
  0.15625
  0.15259
  0.15015
  0.15381
  0.15381
  0.15015
  0.15137
  0.14893
  0.15015
  0.15015
  0.15015
  0.14648
  0.14648
  0.14893
  0.14648
  0.14648
  0.14404
  0.14404
  0.14282
  0.14282
  0.14038
  0.14160
  0.14282
  0.13916
  0.14160
  0.14038
  0.13916
  0.13672
  0.14038
  0.13672
  0.13794
  0.13794
  0.13428
  0.13550
  0.13794
  0.13550
  0.13062
  0.13306
  0.13550
  0.13550
  0.13062
  0.13184
  0.13306
  0.13428
  0.13062
  0.13062
  0.13184
  0.12939
  0.12939
  0.12939
  0.12695
  0.12573
  0.12695
  0.12939
  0.12573
  0.12695
  0.12329
  0.12573
  0.12451
  0.12451
  0.12573
  0.11963
  0.12329
  0.11963
  0.12207
  0.11963
  0.11719
  0.11719
  0.11841
  0.11719
  0.11719
  0.11719
  0.11475
  0.11475
  0.11597
  0.11353
  0.11353
  0.11353
  0.11597
  0.11230
  0.11230
  0.11475
  0.11597
  0.11230
  0.11353
  0.11108
  0.11719
  0.11719
  0.11719
  0.11841
  0.11963
  0.11719
  0.12207
  0.12207
  0.11963
  0.12451
  0.12695
  0.12817
  0.12695
  0.12695
  0.12817
  0.13062
  0.13062
  0.13062
  0.12939
  0.12939
  0.13184
  0.13428
  0.12817
  0.13062
  0.13428
  0.13428
  0.13428
  0.13184
  0.13550
  0.13672
  0.13916
  0.13916
  0.14038
  0.13672
  0.14038
  0.14038
  0.14282
  0.14038
  0.14160
  0.14404
  0.14526
  0.14526
  0.14648
  0.14648
  0.15015
  0.15015
  0.15015
  0.15381
  0.15381
  0.15381
  0.15625
  0.15991
  0.15991
  0.15869
  0.16113
  0.16357
  0.16235
  0.16235
  0.16724
  0.16846
  0.16602
  0.16602
  0.16846
  0.17090
  0.17090
  0.17090
  0.17334
  0.16968
  0.17334
  0.17700
  0.17090
  0.17334
  0.17334
  0.17456
  0.17578
  0.17456
  0.17456
  0.17212
  0.17334
  0.17578
  0.17090
  0.17212
  0.17212
  0.17090
  0.16968
  0.16846
  0.16968
  0.16479
  0.16479
  0.16357
  0.16479
  0.16235
  0.16235
  0.16235
  0.15747
  0.15991
  0.15991
  0.15991
  0.15503
  0.15503
  0.15625
  0.15503
  0.15381
  0.15259
  0.15381
  0.14893
  0.15259
  0.15259
  0.15015
  0.14648
  0.14648
  0.15015
  0.14771
  0.14771
  0.14771
  0.14282
  0.14648
  0.14771
  0.14526
  0.14404
  0.14404
  0.14526
  0.14404
  0.14404
  0.14282
  0.14526
  0.14404
  0.14526
  0.14404
  0.14038
  0.14160
  0.14282
  0.13916
  0.14282
  0.14038
  0.14038
  0.14282
  0.14282
  0.13794
  0.13916
  0.14160
  0.13916
  0.14038
  0.14038
  0.13794
  0.14038
  0.14160
  0.13916
  0.13916
  0.13916
  0.14038
  0.14160
  0.13794
  0.13672
  0.13794
  0.13916
  0.13916
  0.14038
  0.13672
  0.13916
  0.14282
  0.14038
  0.14038
  0.14160
  0.14160
  0.14282
  0.14282
  0.14404
  0.14648
  0.14404
  0.14893
  0.15015
  0.14648
  0.14893
  0.15137
  0.15381
  0.15015
  0.15137
  0.15259
  0.15381
  0.15503
  0.15625
  0.15381
  0.15381
  0.15503
  0.15991
  0.15869
  0.15869
  0.15381
  0.15991
  0.15869
  0.15625
  0.15625
  0.15625
  0.15625
  0.15869
  0.15625
  0.15503
  0.15381
  0.15259
  0.15381
  0.15259
  0.15137
  0.14893
  0.15015
  0.14893
  0.14771
  0.14771
  0.14893
  0.14526
  0.14526
  0.14526
  0.14038
  0.14282
  0.14160
  0.14038
  0.14038
  0.14038
  0.14038
  0.13794
  0.13672
  0.13672
  0.13672
  0.13916
  0.13794
  0.13428
  0.13672
  0.13672
  0.13794
  0.13916
  0.13672
  0.13306
  0.13916
  0.14038
  0.13794
  0.13794
  0.13550
  0.13916
  0.14160
  0.14038
  0.13794
  0.13794
  0.13550
  0.13672
  0.14038
  0.13916
  0.13794
  0.13916
  0.13794
  0.14160
  0.14038
  0.14038
  0.14038
  0.14038
  0.14282
  0.14282
  0.14282
  0.14404
  0.14648
  0.14404
  0.14771
  0.15015
  0.14893
  0.15015
  0.15259
  0.15137
  0.15137
  0.15259
  0.15259
  0.15503
  0.15625
  0.15381
  0.15625
  0.15869
  0.15869
  0.15869
  0.15747
  0.15747
  0.15991
  0.16113
  0.15869
  0.15991
  0.16357
  0.16357
  0.16357
  0.16479
  0.16113
  0.16357
  0.16846
  0.16602
  0.16357
  0.16602
  0.16602
  0.16846
  0.16479
  0.16602
  0.16602
  0.16479
  0.16602
  0.16479
  0.16235
  0.16235
  0.16479
  0.16479
  0.16479
  0.16113
  0.16357
  0.16479
  0.16235
  0.16235
  0.15747
  0.15991
  0.15991
  0.15747
  0.15869
  0.15625
  0.15747
  0.15747
  0.15503
  0.15625
  0.15503
  0.15503
  0.15747
  0.15503
  0.15869
  0.15259
  0.15747
  0.15869
  0.15503
  0.15503
  0.15625
  0.15869
  0.15869
  0.15747
  0.15381
  0.15503
  0.15869
  0.15869
  0.15747
  0.15747
  0.15503
  0.15869
  0.16113
  0.15869
  0.15747
  0.15625
  0.15869
  0.16113
  0.15991
  0.15503
  0.15869
  0.16113
  0.15625
  0.15625
  0.15869
  0.15869
  0.16113
  0.15869
  0.15747
  0.15869
  0.15869
  0.16113
  0.15747
  0.15625
  0.15869
  0.16235
  0.15869
  0.15991
  0.15869
  0.15747
  0.15991
  0.15747
  0.15991
  0.15869
  0.15869
  0.15869
  0.15747
  0.15869
  0.15747
  0.15869
  0.15747
  0.15869
  0.15869
  0.15747
  0.15747
  0.15869
  0.15503
  0.15991
  0.15869
  0.15991
  0.15991
  0.15991
  0.15869
  0.15869
  0.15869
  0.16113
  0.15991
  0.15747
  0.15747
  0.15991
  0.15869
  0.15747
  0.15747
  0.15747
  0.15747
  0.15747
  0.15625
  0.15747
  0.15259
  0.15503
  0.15503
  0.15259
  0.15015
  0.15137
  0.15137
  0.15015
  0.14648
  0.14648
  0.14282
  0.14526
  0.14648
  0.14404
  0.14282
  0.14160
  0.13916
  0.14160
  0.14038
  0.14038
  0.13672
  0.13916
  0.13672
  0.13672
  0.13672
  0.13550
  0.13428
  0.13428
  0.13428
  0.13184
  0.13062
  0.13184
  0.13062
  0.12817
  0.12817
  0.12573
  0.12817
  0.12817
  0.12451
  0.12451
  0.12695
  0.12451
  0.12573
  0.12329
  0.12573
  0.12451
  0.12451
  0.12329
  0.12451
  0.12329
  0.12573
  0.12451
  0.12329
  0.12329
  0.12329
  0.12329
  0.12573
  0.12085
  0.12329
  0.12329
  0.12573
  0.12329
  0.12329
  0.12695
  0.12573
  0.12695
  0.12329
  0.12329
  0.12695
  0.12573
  0.12817
  0.12817
  0.12817
  0.12817
  0.12939
  0.12817
  0.12939
  0.12817
  0.12939
  0.13184
  0.13306
  0.13184
  0.13306
  0.13306
  0.13672
  0.13672
  0.13672
  0.13550
  0.13794
  0.13916
  0.14038
  0.13794
  0.14038
  0.14160
  0.14404
  0.14404
  0.14404
  0.14648
  0.14648
  0.15015
  0.15137
  0.14893
  0.15259
  0.15625
  0.15259
  0.15381
  0.15503
  0.15747
  0.15625
  0.15747
  0.15869
  0.15869
  0.15991
  0.16113
  0.16113
  0.15991
  0.16235
  0.16357
  0.16235
  0.16357
  0.16357
  0.16235
  0.16357
  0.16479
  0.16479
  0.16235
  0.16602
  0.16602
  0.16602
  0.16724
  0.16479
  0.16602
  0.16846
  0.16846
  0.16602
  0.16724
  0.16724
  0.16602
  0.16968
  0.16968
  0.16724
  0.16724
  0.16968
  0.16968
  0.17212
  0.17090
  0.16846
  0.16846
  0.17212
  0.17212
  0.16968
  0.17090
  0.17090
  0.17090
  0.17090
  0.16968
  0.16724
  0.16846
  0.16968
  0.16724
  0.16846
  0.16846
  0.16602
  0.16724
  0.16724
  0.16479
  0.16479
  0.16846
  0.16602
  0.16602
  0.16479
  0.16479
  0.16602
  0.16357
  0.16357
  0.16357
  0.16479
  0.16357
  0.16479
  0.16113
  0.16357
-10.00000
 5.00000
  0.00000
